74
32
79
83
76
67
100
60
63
83
89
5
83
79
43
92
72
25
78
87
90
14
82
70
67399544360
76681033457
57384432055
38985407920
83777968013
49601835555
18044958108
53288211113
98964755730
55164869559
26937751056
55783333688
63957234822
36085300107
65481463906
75355326759
75735372511
65366639726
53975146265
15750489927
54356052315
39534687436
36253627584
1516988582
76888308653
51462963263
7825330306
53990846547
54380448092
55173712834
90177345719
29077495353
1768839372
8331903311
99662721122
26575661333
61308988563
12278015862
